63 61 31 57 52 69 33 42 54 19 35 57
48 42 77 47 38 44 63 49 66 41 61 73
65 48 59 25 66 25 47 55 27 55 64 81
58 52 67 47 26 33 59 29 51 43 32 78
30 55 56 22 62 51 58 63 64 55 80 41
23 58 37 49 49 43 46 44 55 76 43 78
46 63 44 59 67 56 43 51 45 49 34 36
33 69 50 46 50 57 58 58 51 52 45 53
63 41 33 48 24 46 50 65 48 60 55 38
58 52 39 41 57 51 59 59 25 47 68 61
42 47 63 53 56 60 48 47 54 38 51 62
59 54 48 45 59 54 48 30 74 58 42 45
29 55 55 33 26 57 59 26 66 33 59 66
34 36 56 24 80 69 59 51 49 56 38 50
48 50 32 63 44 65 65 47 50 49 40 52
37 82 44 57 49 37 63 67 26 49 46 54
66 56 59 87 42 53 52 57 48 47 44 46
41 62 51 46 71 38 43 58 31 62 54 71
35 58 41 52 54 69 53 36 37 53 68 55
57 62 61 71 59 60 49 52 45 58 32 20
40 53 63 63 71 50 70 58 39 47 62 31
53 65 47 61 74 44 25 32 52 70 30 43
26 32 50 55 40 38 33 70 82 62 38 52
68 39 41 48 67 52 46 49 33 57 46 65
56 53 56 52 46 61 45 48 49 45 33 60
48 37 61 21 65 59 28 61 55 46 48 57
47 53 38 53 31 42 50 42 61 76 45 70
60 47 33 56 44 80 56 22 78 57 43 48
43 24 52 53 39 61 65 51 57 58 58 39
80 58 59 62 84 75 21 58 65 51 49 53
54 65 41 61 61 43 45 53 59 65 41 60
34 47 64 55 20 43 39 39 74 58 56 69
44 68 50 45 80 42 63 64 66 55 74 35
61 49 60 26 47 59 39 43 70 36 61 68
37 48 27 65 24 35 34 55 62 63 48 41
47 49 54 47 71 33 34 59 55 43 73 63
35 60 40 47 38 36 46 67 58 63 21 49
46 47 47 46 76 41 59 50 63 74 35 51
56 31 56 60 54 39 21 70 36 46 41 61
53 73 46 71 42 68 61 59 40 37 51 39
44 53 77 59 41 31 63 71 24 49 57 52
42 59 41 35 52 57 51 44 36 56 81 58
53 44 41 53 31 75 50 39 46 35 34 48
56 46 56 51 37 49 43 54 51 52 43 60
47 52 69 54 69 37 38 56 44 47 36 56
66 53 51 51 69 70 105 51 62 42 21 40
71 55 54 51 32 69 60 69 59 54 58 57
40 47 50 39 42 52 61 84 45 60 85 34
56 52 29 37 55 71 41 48 57 39 50 71
57 65 43 54 63 52 58 68 73 67 38 36
55 58 57 33 47 34 62 35 44 55 52 49
60 71 48 53 58 59 35 53 53 43 49 54
58 40 52 49 62 69 65 53 63 23 47 52
76 59 60 49 51 59 41 61 58 42 44 43
62 63 47 56 54 59 76 47 51 37 41 32
44 52 58 45 66 07 53 50 64 32 70 54
44 58 72 51 45 67 34 31 38 52 57 26
50 43 48 47 73 46 58 31 50 68 41 39
66 33 61 51 48 24 44 67 51 58 75 53
50 57 43 58 47 55 57 45 46 41 35 32
58 33 50 38 72 59 45 27 60 72 62 37
64 12 50 31 20 51 56 68 35 32 85 61
59 61 64 46 51 58 48 66 65 47 56 41
50 42 53 44 49 46 39 40 58 61 46 38
82 44 15 14 38 44 55 38 44 49 59 57
47 53 60 52 46 40 61 58 46 36 32 49
44 46 52 63 40 57 39 53 68 58 45 67
73 64 70 61 36 48 49 43 67 63 60 51
46 23 72 61 44 62 57 75 52 40 74 81
54 57 71 55 53 51 43 44 64 50 53 37
46 70 70 56 56 32 39 61 71 48 60 68
65 35 46 78 57 72 46 48 35 47 48 61
47 60 33 70 50 30 49 49 65 75 58 31
35 57 56 54 79 56 46 51 65 38 45 10
30 34 38 36 65 62 42 52 45 67 57 90
65 58 74 48 46 49 55 26 31 59 25 29
60 44 52 23 56 26 57 52 34 44 51 53
65 54 68 21 54 40 49 64 42 68 50 45
59 40 50 44 67 48 77 51 52 82 65 46
52 76 49 53 46 57 52 64 36 49 61 64
29 51 36 55 65 56 30 57 38 49 43 33
65 61 68 52 33 33 60 34 43 42 57 43
57 59 64 51 75 52 59 57 53 47 50 42
54 49 77 76 57 44 59 65 36 43 58 74
59 54 66 49 62 37 62 58 47 67 69 37
61 14 48 52 36 44 51 54 71 50 30 58
42 58 55 56 69 61 37 39 52 72 38 59
48 64 41 71 68 45 46 56 39 74 25 36
46 64 43 39 29 54 81 43 36 34 22 39
48 34 74 73 42 60 45 49 64 55 50 51
41 58 60 44 27 69 44 70 68 59 44 76
23 38 74 60 67 38 50 50 35 52 38 51
37 39 88 48 69 49 41 58 58 62 53 64
53 46 59 61 54 49 35 49 54 53 55 40
40 49 69 60 56 65 54 56 62 53 35 43
61 61 40 55 23 82 35 59 45 65 77 31
27 38 29 63 44 79 37 45 68 70 69 44
80 51 45 74 52 28 41 53 59 47 48 55
46 63 53 47 31 42 26 41 40 15 54 46
36 56 44 50 44 48 51 52 40 36 61 48
45 43 47 50 48 53 74 54 56 55 63 49
39 54 72 53 62 72 27 57 38 72 62 54
50 62 22 41 40 55 45 50 32 27 61 52
73 27 31 57 40 46 40 55 58 28 27 58
64 55 65 48 62 62 53 49 67 47 61 33
76 52 51 56 35 57 66 41 41 51 58 23
49 55 40 53 32 54 45 50 64 62 52 70
52 41 51 35 48 59 23 37 61 43 36 24
36 36 25 79 51 43 47 43 61 60 43 70
49 52 74 62 63 37 44 41 65 32 63 34
41 45 48 41 35 42 46 37 52 68 42 61
55 49 58 57 73 37 53 49 66 51 28 65
35 53 41 49 51 37 51 33 44 45 71 63
45 63 42 41 54 66 42 65 53 40 63 58
48 55 74 72 42 52 53 61 47 67 35 44
71 42 39 60 36 32 69 59 33 48 26 59
57 56 57 30 58 44 34 62 70 64 66 51
62 52 38 55 58 87 40 52 65 66 52 47
56 63 43 66 53 48 18 27 32 52 64 63
43 53 35 54 48 55 76 40 61 52 61 39
49 58 63 47 44 71 28 55 64 53 52 52
66 41 25 47 45 37 65 45 56 55 27 35
31 45 55 65 19 42 63 55 51 69 44 47
73 45 37 66 51 49 72 57 28 48 57 60
52 47 43 58 57 58 51 58 46 56 22 53
61 47 48 55 57 45 48 49 54 68 57 60
44 59 67 47 53 50 47 70 54 47 67 49
52 52 59 41 47 49 21 65 37 47 53 45
41 73 38 55 62 69 47 34 47 69 49 41
71 36 38 60 46 52 58 34 56 45 08 30
37 68 30 50 45 59 37 43 41 38 59 54
35 41 68 69 55 62 64 31 90 62 49 44
63 48 50 77 68 68 38 64 48 66 29 48
48 56 36 63 63 53 58 56 54 65 54 76
87 47 61 54 43 42 60 60 61 53 72 44
50 77 58 60 49 40 37 59 32 66 38 43
43 49 44 65 43 60 25 48 52 55 40 50
58 54 47 42 53 62 57 53 57 24 68 58
59 48 43 47 61 51 81 54 61 49 56 30
39 54 49 41 77 48 53 69 45 54 31 47
59 54 45 33 52 55 38 26 34 46 59 22
32 45 51 62 44 77 54 29 47 55 71 56
59 61 44 52 41 58 50 38 38 44 57 27
58 59 31 64 50 41 54 36 60 56 70 03