      0.1472       1.0484      -0.6097
     -0.1551       0.5573       1.6693
     -1.3537       0.8625       0.3110
     -0.2668       1.5370      -0.4278
     -1.2841       0.5333       0.4960
     -0.6882       1.2119       1.9979
      1.9239      -1.4919      -1.0710
     -1.9055       0.4297      -1.5568
     -0.3702       1.5363       0.1925
     -0.5240      -1.1666      -0.2362
      1.8248      -1.5039      -0.1169
      1.4276      -1.8264       0.7665
      1.9159      -0.8669      -1.4649
      0.7411       1.6378       0.4435
      1.5999      -1.2263       1.0177
     -0.6150      -0.3255      -1.3771
      1.2760       0.4997       0.9542
      1.2204      -1.7311       1.8032
     -0.0097       1.0206       0.9696
      1.3245      -1.3740      -0.1708
      0.4724       1.7287       1.3404
      1.5817       0.3301       0.3310
      1.4197      -1.8605       1.5417
     -0.3691      -1.8545       0.9846
     -1.3807      -1.4244       0.4238
     -0.9821      -0.7034      -0.3928
     -0.3745      -0.4552       0.4392
     -1.3324      -1.2476      -1.6215
     -0.7073       1.0784      -1.0635
      0.9615       0.7713       1.2963
      1.3119      -0.8265      -0.7625
      0.0921      -0.6988       1.3274
      1.2412       0.2280      -0.9481
      0.7223      -1.0654      -0.1743
     -0.4617       0.1544       1.9668
      1.0209       1.9218      -1.0609
      0.1142      -1.7943       1.0275
      0.4079       1.4287       1.9531
      1.7179      -0.3619      -1.9986
      0.1635      -1.1691      -1.1229
     -0.6968      -1.6162       0.9901
      0.9940       0.1732      -0.6475
      1.3293       0.2103       1.8302
      1.5713      -0.5740       0.1856
     -0.6133       0.4912       1.1865
      0.9835      -1.4979       1.2896