0.000000e+00
1.256158e-03
1.988019e-03
2.185156e-03
2.260579e-03
2.487818e-03
2.666434e-03
2.422281e-03
1.756277e-03
1.142242e-03
1.027518e-03
1.329780e-03
1.538905e-03
1.302091e-03
7.884263e-04
4.080065e-04
2.556477e-04
-1.743482e-05
-7.373149e-04
-1.723952e-03
-2.401663e-03
-2.392725e-03
-1.891537e-03
-1.381686e-03
-1.055536e-03
-6.480133e-04
1.261335e-04
1.093720e-03
1.719537e-03
1.683772e-03
1.245603e-03
9.479070e-04
1.014785e-03
1.161195e-03
1.023159e-03
6.566831e-04
4.777201e-04
7.150375e-04
.059547e-03
9.621386e-04
2.392758e-04
-7.350741e-04
-1.472651e-03
-1.902570e-03
-2.349446e-03
-3.007209e-03
-3.583125e-03
-3.575741e-03
-2.863170e-03
-1.884071e-03
-1.180503e-03
-8.446002e-04
-5.226362e-04
5.497930e-05
6.889840e-04
9.528375e-04
7.583103e-04
5.328112e-04
7.664997e-04
1.461502e-03
2.142046e-03
2.405908e-03
2.345307e-03
2.337607e-03
2.488087e-03
2.435515e-03
1.779256e-03
6.113378e-04
-5.057914e-04
-1.106299e-03
-1.261892e-03
-1.382669e-03
-1.645777e-03
-1.766651e-03
-1.392890e-03
-6.223574e-04
1.483788e-05
1.149005e-04
-1.644020e-04
-3.136136e-04
-6.819804e-05
3.291980e-04
5.016162e-04
4.624159e-04
6.251130e-04
1.274007e-03
2.146817e-03
2.655820e-03
2.498791e-03
1.935808e-03
1.415769e-03
1.026724e-03
4.476387e-04
-5.508928e-04
-1.695116e-03
-2.419542e-03
-2.467644e-03
-2.161544e-03
-2.014871e-03
-2.156843e-03
-2.256443e-03
-2.014731e-03
-1.595581e-03
-1.447933e-03
-1.732310e-03
-2.063973e-03
-1.906957e-03
-1.159295e-03
-2.342758e-04
4.448333e-04
9.099300e-04
1.509232e-03
2.354901e-03
3.062935e-03
3.132248e-03
2.517690e-03
1.701770e-03
1.172222e-03
9.303146e-04
6.087837e-04
2.708836e-05
-5.208286e-04
-6.117042e-04
-2.451427e-04
9.010612e-05
-6.005425e-05
-6.200232e-04
-1.106073e-03
-1.204356e-03
-1.096997e-03
-1.150063e-03
-1.370391e-03
-1.325034e-03
-6.442276e-04
4.985622e-04
1.521072e-03
2.030575e-03
2.175007e-03
2.343465e-03
2.609289e-03
2.616062e-03
2.049250e-03
1.102699e-03
3.449174e-04
1.229660e-04
2.120585e-04
1.251095e-04
-3.025571e-04
-7.632347e-04
-9.265077e-04
-9.111067e-04
-1.175683e-03
-1.947360e-03
-2.887226e-03
-3.413889e-03
-3.308178e-03
-2.882160e-03
-2.530188e-03
-2.231775e-03
-1.623014e-03
-5.405219e-04
6.509329e-04
1.377028e-03