0.000000e+000
1.256158e-003
1.988019e-003
2.090787e-003
2.154249e-003
2.255564e-003
2.411235e-003
2.538578e-003
2.438789e-003
2.017080e-003
1.467595e-003
1.131858e-003
1.151885e-003
1.320203e-003
1.310298e-003
1.018216e-003
6.176415e-004
2.855375e-004
-4.287414e-005
-5.757480e-004
-1.343146e-003
-2.059726e-003
-2.362389e-003
-2.157257e-003
-1.673706e-003
-1.174937e-003
-6.841987e-004
-5.311951e-005
7.330261e-004
1.415298e-003
1.684494e-003
1.512087e-003
1.188793e-003
1.017025e-003
1.017615e-003
9.871936e-004
8.114905e-004
6.316268e-004
5.040264e-004
4.397126e-004
4.925195e-004
3.182593e-004
-3.144055e-004
-1.112762e-003
-1.782025e-003
-2.316091e-003
-2.846478e-003
-3.328625e-003
-3.490516e-003
-3.119388e-003
-2.335626e-003
-1.510436e-003
-9.125692e-004
-4.948400e-004
-5.666097e-005
4.394761e-004
7.992540e-004
8.598693e-004
7.491159e-004
8.002433e-004
1.202810e-003
1.797955e-003
2.258277e-003
2.432190e-003
2.442816e-003
2.442203e-003
2.348619e-003
1.911999e-003
1.039906e-003
-1.670937e-005
-8.594621e-004
-1.302455e-003
-1.481272e-003
-1.602183e-003
-1.656445e-003
-1.454903e-003
-9.310071e-004
-3.196203e-004
3.379362e-005
2.347677e-005
-1.204325e-004
-1.027346e-004
1.243748e-004
3.731237e-004
5.178412e-004
6.894775e-004
1.111857e-003
1.776511e-003
2.364359e-003
2.530086e-003
2.225378e-003
1.689075e-003
1.134890e-003
5.275001e-004
-2.844207e-004
-1.260392e-003
-2.090029e-003
-2.467717e-003
-2.403776e-003
-2.200108e-003
-2.117529e-003
-2.128757e-003
-2.037659e-003
-1.793175e-003
-1.591739e-003
-1.631980e-003
-1.825651e-003
-1.834482e-003
-1.410143e-003
-6.439996e-004
1.602837e-004
8.245885e-004
1.432169e-003
2.109873e-003
2.748734e-003
3.033616e-003
2.768784e-003
2.112834e-003
1.434733e-003
9.552698e-004
5.920740e-004
1.718296e-004
-2.755594e-004
-5.182995e-004
-4.213822e-004
-1.660062e-004
-1.004195e-004
-3.811744e-004
-8.232510e-004
-1.128638e-003
-1.209606e-003
-1.219234e-003
-1.271860e-003
-1.222296e-003
-7.988245e-004
5.775815e-005
1.062215e-003
1.831964e-003
2.230317e-003
2.410891e-003
2.535019e-003
2.528926e-003
2.186782e-003
1.487022e-003
7.153620e-004
2.183746e-004
6.494029e-005
1.195514e-005
-1.925574e-004
-5.376418e-004
-8.275045e-004
-9.906454e-004
-1.216061e-003
-1.730562e-003
-2.482952e-003
-3.128213e-003
-3.347903e-003
-3.137421e-003
-2.733044e-003
-2.289330e-003
-1.713779e-003
-8.589845e-004
1.797156e-004
