9.940095e-003
9.940095e-003
4.644990e-003
1.362800e-003
1.513310e-003
2.029275e-003
-3.276850e-004
-4.550785e-003
-6.400195e-003
-3.643795e-003
9.376900e-004
2.556935e-003
-1.384450e-004
-3.752393e-003
-4.470422e-003
-2.663893e-003
-2.127207e-003
-4.964813e-003
-8.532586e-003
-8.321740e-003
-3.343865e-003
2.550630e-003
5.055195e-003
4.180005e-003
3.668363e-003
5.908347e-003
8.708667e-003
7.967017e-003
2.950260e-003
-2.369670e-003
-3.679325e-003
-1.154090e-003
1.066440e-003
4.187000e-005
-2.522560e-003
-2.727195e-003
2.917720e-004
-2.090865e-003
1.235505e-003
8.986440e-004
-8.486063e-003
-8.559634e-003
-5.837480e-003
-4.383975e-003
-5.523195e-003
-6.168395e-003
-2.842660e-003
3.599775e-003
8.458350e-003
8.413335e-003
5.197354e-003
3.289334e-003
4.497897e-003
6.058101e-003
4.489291e-003
3.466315e-004
-2.100131e-003
4.094700e-005
4.643454e-003
6.877731e-003
4.722030e-003
1.016305e-003
-3.415050e-004
7.139000e-004
4.895400e-004
-3.544155e-003
-9.120886e-003
-1.142524e-002
-8.588184e-003
-3.780503e-003
-1.381850e-003
-1.919425e-003
-1.919910e-003
1.264435e-003
5.721468e-003
7.038639e-003
3.686289e-003
-8.961994e-004
-2.142570e-003
4.810198e-004
3.214058e-003
2.849071e-003
6.660895e-004
6.174840e-004
4.057956e-003
7.608520e-003
6.909065e-003
1.759870e-003
-3.600060e-003
-5.415110e-003
-4.545420e-003
-4.840652e-003
-7.888084e-003
-1.071377e-002
-9.343246e-003
-3.862640e-003
1.289990e-003
2.263865e-003
2.350500e-005
-1.207860e-003
7.105600e-004
3.304310e-003
2.833990e-003
-6.836450e-004
-3.080200e-003
-8.732350e-004
4.523390e-003
8.363406e-003
8.020642e-003
5.721029e-003
5.321994e-003
7.224855e-003
7.768515e-003
3.886735e-003
-2.726225e-003
-7.152390e-003
-6.727340e-003
-3.857277e-003
-2.817192e-003
-4.516131e-003
-5.648062e-003
-3.193963e-003
1.378430e-003
3.509052e-003
9.254422e-004
-3.550647e-003
-5.230094e-003
-2.921664e-003
4.538000e-005
2.714650e-004
-1.366970e-003
-8.748550e-004
3.630817e-003
9.117981e-003
1.082650e-002
7.660064e-003
3.269675e-003
1.564450e-003
2.171410e-003
1.362985e-003
-2.800195e-003
-7.566815e-003
-8.521663e-003
-4.898665e-003
-6.642945e-004
1.071750e-005
-2.573078e-003
-4.441721e-003
-3.119753e-003
-7.393600e-004
-1.245877e-003
-5.181267e-003
-8.557715e-003
-7.332645e-003
-2.104760e-003
2.658645e-003
3.889950e-003
3.251925e-003
4.535870e-003
8.456266e-003
1.136973e-002
9.587749e-003
9.587749e-003
