-1.715459e-003
-1.715459e-003
-1.715459e-003
-6.263360e-004
1.332950e-004
-3.681990e-004
-1.316012e-003
-1.214502e-003
1.813980e-004
1.467577e-003
1.240146e-003
-2.152270e-004
-1.261866e-003
-8.663955e-004
2.177001e-004
4.686432e-004
-4.601840e-004
-1.281076e-003
-6.713855e-004
1.037744e-003
2.174474e-003
1.679812e-003
3.258750e-004
-2.773663e-004
3.456685e-004
1.008061e-003
4.117340e-004
-1.151681e-003
-2.067338e-003
-1.325917e-003
2.431160e-004
9.491530e-004
2.391920e-004
-7.177999e-004
-5.538129e-004
5.628663e-004
1.272658e-004
1.887467e-004
5.979019e-004
-1.944314e-003
-1.891656e-003
5.297168e-004
8.351318e-004
6.285690e-005
-3.568840e-004
5.361070e-004
1.953634e-003
2.260202e-003
9.627120e-004
-6.521992e-004
-1.024800e-003
-1.398913e-004
5.537534e-004
-1.721300e-006
-1.142294e-003
-1.317884e-003
-6.113690e-005
1.348717e-003
1.367357e-003
1.571520e-005
-1.172285e-003
-1.012707e-003
-6.048100e-005
1.662090e-004
-8.516110e-004
-1.922085e-003
-1.576216e-003
1.065404e-004
1.528947e-003
1.441267e-003
3.722156e-004
-1.076120e-004
6.367720e-004
1.528276e-003
1.154841e-003
-4.070357e-004
-1.586968e-003
-1.165772e-003
2.754438e-004
1.071326e-003
4.736103e-004
-5.095937e-004
-4.463174e-004
6.783732e-004
1.398207e-003
5.702219e-004
-1.169730e-003
-2.101825e-003
-1.434996e-003
-1.890720e-004
1.148917e-004
-6.685328e-004
-1.174624e-003
-2.910324e-004
1.370227e-003
2.126647e-003
1.225301e-003
-2.532970e-004
-6.943450e-004
1.374110e-004
9.024340e-004
4.246860e-004
-7.975910e-004
-1.182838e-003
-3.791800e-005
1.520718e-003
1.847328e-003
6.994503e-004
-5.284754e-004
-5.397296e-004
3.007652e-004
4.893043e-004
-6.676240e-004
-2.098948e-003
-2.207825e-003
-8.002230e-004
6.590226e-004
7.820297e-004
-1.317708e-004
-5.661740e-004
2.644337e-004
1.405298e-003
1.340603e-003
-9.059745e-005
-1.411940e-003
-1.231107e-003
1.257965e-004
1.055095e-003
6.386258e-004
-2.824700e-004
-2.292640e-004
9.995574e-004
1.998567e-003
1.439136e-003
-2.915834e-004
-1.511365e-003
-1.219123e-003
-2.196530e-004
-4.029300e-005
-9.943210e-004
-1.785960e-003
-1.144294e-003
5.336300e-004
1.571474e-003
9.818765e-004
-3.817567e-004
-8.904877e-004
-1.093350e-004
7.404722e-004
3.747753e-004
-8.883813e-004
-1.462368e-003
-4.302757e-004
1.290591e-003
1.998258e-003
1.198942e-003
1.186560e-004
1.291840e-004
1.040868e-003
1.366773e-003
0.000000e+000
0.000000e+000
0.000000e+000
